2.052274670936249379e+01 1.889999686320084393e+01 2.062359999999999971e+01 1.812488958035595843e+01 2.048260885302693524e+01 2.167020000000000124e+01 2.217500000000000071e+01 2.206436585191994482e+01 2.127422578867307834e+01 2.117940000000000111e+01
2.058382607986312962e+01 1.890509686320083915e+01 2.063159999999999883e+01 1.812505042882218831e+01 2.049173162616348876e+01 2.164199999999999946e+01 2.213299999999999912e+01 2.227450336080771365e+01 2.127293162528756199e+01 2.118390000000000128e+01
2.055687355246727321e+01 1.894889686320084365e+01 2.064000000000000057e+01 1.810488387945935784e+01 2.059346449965084247e+01 2.161540000000000106e+01 2.202850000000000108e+01 2.202520124023626380e+01 2.108057565224532937e+01 2.116769999999999641e+01
2.063204685224532398e+01 1.890889686320084451e+01 2.067050000000000054e+01 1.813949109997920317e+01 2.054068585046728757e+01 2.162790000000000035e+01 2.201670000000000016e+01 2.211498388920927027e+01 2.119761745367636507e+01 2.118909999999999982e+01
2.055601148706696790e+01 1.890349686320084288e+01 2.064750000000000085e+01 1.813071801454883669e+01 2.049196747675932784e+01 2.158520000000000039e+01 2.229570000000000007e+01 2.207378730761713825e+01 2.125871809022502035e+01 2.120110000000000028e+01
2.058064787383419514e+01 1.889779686320084195e+01 2.064620000000000033e+01 1.812964667749515613e+01 2.052488070672033516e+01 2.162440000000000140e+01 2.221890000000000143e+01 2.221399732690744599e+01 2.129156007942585305e+01 2.116659999999999897e+01
2.060414782407264767e+01 1.895826352884412813e+01 2.064399999999999835e+01 1.811169192147814044e+01 2.038551749294952131e+01 2.146209999999999951e+01 2.273019999999999996e+01 2.207228002034820236e+01 2.111716968789571780e+01 2.103450000000000131e+01
2.058855016108271485e+01 1.889949686320084510e+01 2.063520000000000110e+01 1.812595104002596003e+01 2.051360362804172865e+01 2.163609999999999900e+01 2.216479999999999961e+01 2.205254212910557143e+01 2.129948884318447710e+01 2.116310000000000002e+01
2.045550217959485906e+01 1.893683019551081514e+01 2.067579999999999885e+01 1.812673073423810521e+01 2.054746764022627659e+01 2.162419999999999831e+01 2.237389999999999901e+01 2.211391714615295001e+01 2.133784499278125679e+01 2.110910000000000153e+01
2.055830568869447461e+01 1.889209686320084458e+01 2.064000000000000057e+01 1.811563019751909209e+01 2.053143544994726710e+01 2.165640000000000143e+01 2.204830000000000112e+01 2.217383078299012666e+01 2.131480663654088659e+01 2.120210000000000150e+01
2.050701817065656840e+01 1.890829686320084235e+01 2.060699999999999932e+01 1.810654848926201410e+01 2.044010566063855805e+01 2.167810000000000059e+01 2.200209999999999866e+01 2.209311143195020222e+01 2.126987630460919121e+01 2.119000000000000128e+01
2.040662306548467697e+01 1.889219686320084435e+01 2.064300000000000068e+01 1.812016059546365199e+01 2.052591156020395857e+01 2.168430000000000035e+01 2.207789999999999964e+01 2.213851675556672305e+01 2.128279335119259130e+01 2.120299999999999940e+01
2.061195077914662122e+01 1.891149686320084200e+01 2.067820000000000036e+01 1.810889539364472967e+01 2.050010361159981187e+01 2.152439999999999998e+01 2.213769999999999882e+01 2.212989276723325816e+01 2.123016558187400449e+01 2.119510000000000005e+01
2.066862471793642442e+01 1.889289686320083916e+01 2.065529999999999688e+01 1.813918466133504381e+01 2.052939141345535745e+01 2.160109999999999886e+01 2.229100000000000037e+01 2.224566938948742489e+01 2.125030371554734288e+01 2.121590000000000131e+01
2.056862685715847761e+01 1.889339686320084510e+01 2.063850000000000051e+01 1.812759146698634538e+01 2.051104416830897037e+01 2.168939999999999912e+01 2.212669999999999959e+01 2.225070451529790105e+01 2.127949767284652438e+01 2.120080000000000098e+01
2.051127645264240584e+01 1.891029686320084480e+01 2.065090000000000003e+01 1.812407924944719184e+01 2.050669399055413678e+01 2.161469999999999914e+01 2.205409999999999826e+01 2.205236317645512401e+01 2.127996137614616146e+01 2.117439999999999856e+01
2.052831361414106226e+01 1.888509686320084313e+01 2.061309999999999576e+01 1.813805142229593059e+01 2.053352605303440015e+01 2.181289999999999907e+01 2.237610000000000099e+01 2.228064519081586425e+01 2.120631556048719091e+01 2.114150000000000063e+01
2.062155108405431747e+01 1.891876352884412782e+01 2.068049999999999855e+01 1.811101003187436120e+01 2.053802340086122769e+01 2.147139999999999915e+01 2.227169999999999916e+01 2.204245485432199558e+01 2.135600966699114878e+01 2.116359999999999886e+01
2.052196417228331882e+01 1.886639686320084408e+01 2.066710000000000136e+01 1.811550886533116511e+01 2.054931679003681566e+01 2.152769999999999939e+01 2.218169999999999931e+01 2.212569014540251899e+01 2.131047494507903650e+01 2.116479999999999961e+01
2.051164315701792518e+01 1.888789686320084371e+01 2.062829999999999941e+01 1.813733812518679045e+01 2.052441566453453703e+01 2.161769999999999925e+01 2.193410000000000082e+01 2.227261158221914883e+01 2.120632813042210074e+01 2.119519999999999982e+01
