2.058715580498284936e+01 1.889289686320083916e+01 2.061820000000000164e+01 1.811762803484735684e+01 2.048755676843139639e+01 2.169150000000000134e+01 2.210569999999999879e+01 2.206845068607262306e+01 2.127235578200051691e+01 2.116260000000000119e+01
2.054360912068390377e+01 1.890149686320084399e+01 2.069119999999999848e+01 1.811054528087251470e+01 2.050849076899804757e+01 2.166789999999999949e+01 2.206350000000000122e+01 2.217141859803128057e+01 2.121729861441808751e+01 2.125710000000000122e+01
2.056509169799648618e+01 1.888559686320084197e+01 2.066880000000000095e+01 1.809289448551894708e+01 2.052547530793717812e+01 2.159130000000000038e+01 2.219389999999999930e+01 2.220873234630905557e+01 2.123055990239706148e+01 2.114509999999999934e+01
2.060159453988905653e+01 1.888589686320084482e+01 2.064839999999999876e+01 1.809843863824776733e+01 2.054693466022478532e+01 2.161899999999999977e+01 2.222279999999999944e+01 2.228692385698009559e+01 2.127283566509014534e+01 2.117569999999999908e+01
2.056237047467585910e+01 1.885549686320084461e+01 2.062509999999999977e+01 1.815255091718321623e+01 2.045188607488980281e+01 2.148710000000000164e+01 2.248489999999999966e+01 2.200724085361859039e+01 2.139075317958208444e+01 2.124690000000000012e+01
2.058382870756713956e+01 1.892266352884412939e+01 2.066410000000000124e+01 1.812445134191238338e+01 2.055997290556099699e+01 2.171679999999999922e+01 2.220730000000000004e+01 2.207608087224176074e+01 2.128090402420176375e+01 2.111970000000000169e+01
2.056753162186929984e+01 1.888359686320084307e+01 2.062829999999999941e+01 1.810964711656687598e+01 2.052038276152859453e+01 2.166450000000000031e+01 2.222569999999999979e+01 2.226836577660625949e+01 2.131140877802245370e+01 2.117719999999999914e+01
2.050431373598150131e+01 1.888469686320084406e+01 2.064389999999999858e+01 1.809298405618472572e+01 2.052512417365009867e+01 2.157740000000000080e+01 2.218519999999999825e+01 2.210444326646072710e+01 2.138592893365115444e+01 2.120370000000000132e+01
2.054412210437719111e+01 1.889869686320084341e+01 2.068710000000000093e+01 1.812140442759898207e+01 2.050453709239798883e+01 2.155570000000000164e+01 2.194320000000000093e+01 2.211231013068265128e+01 2.111981172266292006e+01 2.113060000000000116e+01
2.053242425237413471e+01 1.890126352884412597e+01 2.064610000000000056e+01 1.810773359921058301e+01 2.055829096246712240e+01 2.148420000000000130e+01 2.198839999999999861e+01 2.196851760284225819e+01 2.136523438230565120e+01 2.123760000000000048e+01
2.051829510485261920e+01 1.887879686320084005e+01 2.062199999999999989e+01 1.810999101646664400e+01 2.051254980821833129e+01 2.160549999999999926e+01 2.210569999999999879e+01 2.211953040821281391e+01 2.126847067208246500e+01 2.116969999999999885e+01
2.051938032735006345e+01 1.888959686320084330e+01 2.062730000000000175e+01 1.810609391245782263e+01 2.053824790411233536e+01 2.164669999999999916e+01 2.192869999999999919e+01 2.218188975897705006e+01 2.134488773159262465e+01 2.119829999999999970e+01
2.062776262649829562e+01 1.887849686320084430e+01 2.059629999999999939e+01 1.810013480579625522e+01 2.050993309503308382e+01 2.155369999999999919e+01 2.225240000000000151e+01 2.223130255962860247e+01 2.134468236416632436e+01 2.117050000000000054e+01
2.053787264444021332e+01 1.890429686320084457e+01 2.067640000000000100e+01 1.812122437016411780e+01 2.054191808245214546e+01 2.150779999999999959e+01 2.207600000000000051e+01 2.227836291982368166e+01 2.124909274015225691e+01 2.117749999999999844e+01
2.057984638399212685e+01 1.888793019551081542e+01 2.064029999999999632e+01 1.809735614454624653e+01 2.047096909434830181e+01 2.157779999999999987e+01 2.215319999999999823e+01 2.208926592232230490e+01 2.126748617095607941e+01 2.114379999999999882e+01
2.051859328928134829e+01 1.888449686320084453e+01 2.061339999999999861e+01 1.811195462997075367e+01 2.049436711730380267e+01 2.155570000000000164e+01 2.210820000000000007e+01 2.212353660350525786e+01 2.126841829498455283e+01 2.115790000000000148e+01
2.056178658314588503e+01 1.886009686320084455e+01 2.062020000000000053e+01 1.809504548807259283e+01 2.049192650281626271e+01 2.174099999999999966e+01 2.200159999999999982e+01 2.234930959988592392e+01 2.122546904543970570e+01 2.100519999999999854e+01
2.054778814013568677e+01 1.889069686320084429e+01 2.062600000000000122e+01 1.811116314457661147e+01 2.053477844032032351e+01 2.158210000000000051e+01 2.219180000000000064e+01 2.220165312040689543e+01 2.116248416330968851e+01 2.115409999999999968e+01
2.057842183092341770e+01 1.886679686320084315e+01 2.056009999999999849e+01 1.812199796479715985e+01 2.052324287537610203e+01 2.152880000000000038e+01 2.225219999999999843e+01 2.210616817772160658e+01 2.124290091184499119e+01 2.113050000000000139e+01
2.058030163025700787e+01 1.889319686320084202e+01 2.061959999999999837e+01 1.811684911560772093e+01 2.052215565698354283e+01 2.160219999999999985e+01 2.206670000000000087e+01 2.222419625670302423e+01 2.134934669640652061e+01 2.121699999999999875e+01
2.057043197361257825e+01 1.888809686320084325e+01 2.065299999999999869e+01 1.811444020558772294e+01 2.051370692455157041e+01 2.164270000000000138e+01 2.207280000000000086e+01 2.208064626774735117e+01 2.132227074764372077e+01 2.116669999999999874e+01
2.054218667240182938e+01 1.892386352884413014e+01 2.062140000000000128e+01 1.812726274444557362e+01 2.052199087485931983e+01 2.160940000000000083e+01 2.228000000000000114e+01 2.186080842405633362e+01 2.122490522534256741e+01 2.120769999999999911e+01
2.052502489950506259e+01 1.890279686320084451e+01 2.060419999999999874e+01 1.808778321605569772e+01 2.049870997638114289e+01 2.147240000000000038e+01 2.199780000000000157e+01 2.238197387684063244e+01 2.133968748310201846e+01 2.125450000000000017e+01
2.060603805688492329e+01 1.889539686320084400e+01 2.066559999999999775e+01 1.811644894793470684e+01 2.050995125719234835e+01 2.140009999999999835e+01 2.203310000000000102e+01 2.237293234630905658e+01 2.137480834316787437e+01 2.118830000000000169e+01
2.052252974924461171e+01 1.889029686320084522e+01 2.062569999999999837e+01 1.807578963411738115e+01 2.056086241297006723e+01 2.148819999999999908e+01 2.212389999999999901e+01 2.203658754383056362e+01 2.124222075185346625e+01 2.123019999999999996e+01
2.057902539333288416e+01 1.889859686320084364e+01 2.059809999999999519e+01 1.809791409305443466e+01 2.052880582388129227e+01 2.161149999999999949e+01 2.198549999999999827e+01 2.213895412754232694e+01 2.133936517549561529e+01 2.119620000000000104e+01
2.061753731081030594e+01 1.888126352884412995e+01 2.064999999999999858e+01 1.807162843682157671e+01 2.050484738764247084e+01 2.175519999999999854e+01 2.218009999999999948e+01 2.233342277868609571e+01 2.127830197759281461e+01 2.105610000000000070e+01
2.057551000715876199e+01 1.887789686320083860e+01 2.065200000000000102e+01 1.815078113287291472e+01 2.055332394394716289e+01 2.166379999999999839e+01 2.210979999999999990e+01 2.219123170968559222e+01 2.122363558875544243e+01 2.110620000000000118e+01
2.058155783066797540e+01 1.887673019551081666e+01 2.063250000000000028e+01 1.810883631463226351e+01 2.051806951806906554e+01 2.149149999999999849e+01 2.213469999999999871e+01 2.216991395386396135e+01 2.128891234802199506e+01 2.114150000000000063e+01
2.055097939408086205e+01 1.887859686320084407e+01 2.063159999999999883e+01 1.811623716113314231e+01 2.048970794315463095e+01 2.169559999999999889e+01 2.215869999999999962e+01 2.210106137614616273e+01 2.125583680496808014e+01 2.121409999999999840e+01
2.060709292743816690e+01 1.890829686320084235e+01 2.062419999999999831e+01 1.811364017206707899e+01 2.055473961613122924e+01 2.157290000000000063e+01 2.200250000000000128e+01 2.215192671291410420e+01 2.131408646256640793e+01 2.119310000000000116e+01
2.058557348056962155e+01 1.890339686320084311e+01 2.057250000000000156e+01 1.811606820176688259e+01 2.040536939992523102e+01 2.179139999999999944e+01 2.234919999999999973e+01 2.202717354203155509e+01 2.131514835422409604e+01 2.121069999999999922e+01
2.056723120217156975e+01 1.887529686320084465e+01 2.064329999999999998e+01 1.811518558006987689e+01 2.051089192052461385e+01 2.157150000000000034e+01 2.207929999999999993e+01 2.231302692944122867e+01 2.134296307519342761e+01 2.110229999999999961e+01
2.059867123999000071e+01 1.888669686320084296e+01 2.064649999999999963e+01 1.811628066777461754e+01 2.051305922001232318e+01 2.172090000000000032e+01 2.209560000000000102e+01 2.207481079706074567e+01 2.126441896931787312e+01 2.120469999999999899e+01
2.059747613822111845e+01 1.892083019551081691e+01 2.062640000000000029e+01 1.813957034487202691e+01 2.048212493672766854e+01 2.160439999999999827e+01 2.186609999999999943e+01 2.211499477046291773e+01 2.130264308127193118e+01 2.121640000000000015e+01
2.056894685278940216e+01 1.886659686320084006e+01 2.066019999999999968e+01 1.811394823845497015e+01 2.053642510629106965e+01 2.163569999999999993e+01 2.198219999999999885e+01 2.208509003643624524e+01 2.127460741675271194e+01 2.119539999999999935e+01
2.054788968065718890e+01 1.888589686320084482e+01 2.064249999999999829e+01 1.812804059714988369e+01 2.048807940452449472e+01 2.169879999999999853e+01 2.186210000000000164e+01 2.203958198031585525e+01 2.126230416255008038e+01 2.116090000000000160e+01
2.056367694272820756e+01 1.887129686320083977e+01 2.067000000000000171e+01 1.810620583645441428e+01 2.048590910067959570e+01 2.160640000000000072e+01 2.203659999999999997e+01 2.206378983453732801e+01 2.128137872232130690e+01 2.115599999999999881e+01
2.057597443569662232e+01 1.887169686320084239e+01 2.061189999999999856e+01 1.811414565338634830e+01 2.054603081807828602e+01 2.146940000000000026e+01 2.214499999999999957e+01 2.229370981720713729e+01 2.120747650912494819e+01 2.124109999999999943e+01
2.058706941498227039e+01 1.888579686320084505e+01 2.062580000000000169e+01 1.811626495580735963e+01 2.050225691382697235e+01 2.165739999999999910e+01 2.206650000000000134e+01 2.223552446584366038e+01 2.125701653297225846e+01 2.116489999999999583e+01
2.054531549185434969e+01 1.888999686320084237e+01 2.059059999999999491e+01 1.810610410595760200e+01 2.049212395262122044e+01 2.156390000000000029e+01 2.210549999999999926e+01 2.232820654068316557e+01 2.127245474713512863e+01 2.123349999999999937e+01
2.048476025473115669e+01 1.886179686320084414e+01 2.064819999999999922e+01 1.811946415423210865e+01 2.056359684035348323e+01 2.161609999999999943e+01 2.214649999999999963e+01 2.229626433096937888e+01 2.126166495727883898e+01 2.119300000000000139e+01
2.055326351411888197e+01 1.888219686320084278e+01 2.066809999999999903e+01 1.809670262287652776e+01 2.051235785048419658e+01 2.183129999999999882e+01 2.220799999999999841e+01 2.202764652342751717e+01 2.120704108377594110e+01 2.111390000000000100e+01
2.056998672745151779e+01 1.886199686320084368e+01 2.065249999999999631e+01 1.812072744941940527e+01 2.046833559480574039e+01 2.165190000000000126e+01 2.191250000000000142e+01 2.221657009639637437e+01 2.135769567322741125e+01 2.114539999999999864e+01
2.050515587664633443e+01 1.887733019551081526e+01 2.065459999999999852e+01 1.811022225916267558e+01 2.051067089591587944e+01 2.158480000000000132e+01 2.206700000000000017e+01 2.219719685847718438e+01 2.119981904255041982e+01 2.117970000000000041e+01
2.055063600341854624e+01 1.892849686320084146e+01 2.061840000000000117e+01 1.811803805822501801e+01 2.043306329378535935e+01 2.157199999999999918e+01 2.207150000000000034e+01 2.231329012394874312e+01 2.135409689117613041e+01 2.114910000000000068e+01
2.059673760515260454e+01 1.888649686320084342e+01 2.062610000000000099e+01 1.811000461893034696e+01 2.050501898784271759e+01 2.155819999999999936e+01 2.204749999999999943e+01 2.220310742906816159e+01 2.124327313154680752e+01 2.113690000000000069e+01
2.052959435601688654e+01 1.889489686320084516e+01 2.063839999999999719e+01 1.810475193139562222e+01 2.052750243907214767e+01 2.178239999999999910e+01 2.225590000000000046e+01 2.234277674941366953e+01 2.122384748763025897e+01 2.106909999999999883e+01
2.055308141116376675e+01 1.888269686320084517e+01 2.065980000000000061e+01 1.812019400500813049e+01 2.051171263391930211e+01 2.154779999999999873e+01 2.231299999999999883e+01 2.215392946947400432e+01 2.128592428322480146e+01 2.118370000000000175e+01
2.051039100959222594e+01 1.886359686320084350e+01 2.057090000000000174e+01 1.810573831606592421e+01 2.044694154020391252e+01 2.169810000000000016e+01 2.216270000000000095e+01 2.220616268968674234e+01 2.136251553592195762e+01 2.107239999999999824e+01
2.058706346600980908e+01 1.890099686320084516e+01 2.068049999999999855e+01 1.810477852445196589e+01 2.045333132605319193e+01 2.153679999999999950e+01 2.197250000000000014e+01 2.204314333019100047e+01 2.133709523264081653e+01 2.125619999999999976e+01
2.053707810007725953e+01 1.888119686320084512e+01 2.066570000000000107e+01 1.811390337395538097e+01 2.053519977258602225e+01 2.161990000000000123e+01 2.207890000000000086e+01 2.211324330762017709e+01 2.128818661796585943e+01 2.117389999999999972e+01
2.052883718570502225e+01 1.888379686320084261e+01 2.063070000000000093e+01 1.811491364509247859e+01 2.050746126001479297e+01 2.164120000000000132e+01 2.200900000000000034e+01 2.203094968845088175e+01 2.135625109621640405e+01 2.121730000000000160e+01
2.057168944002329170e+01 1.889989686320084417e+01 2.061280000000000001e+01 1.812214771801866320e+01 2.053117828215807350e+01 2.156500000000000128e+01 2.212740000000000151e+01 2.217627622710249113e+01 2.120735990239706226e+01 2.125979999999999848e+01
2.050063429478196042e+01 1.880976352577410893e+01 2.061009999999999920e+01 1.809886799986809791e+01 2.054169706568309550e+01 2.158500000000000085e+01 2.227880000000000038e+01 2.181804134624263369e+01 2.127195389882013643e+01 2.118540000000000134e+01
2.050681404768791793e+01 1.892346352884412752e+01 2.064229999999999876e+01 1.812013465476465157e+01 2.043311886847188319e+01 2.162369999999999948e+01 2.243359999999999843e+01 2.210028297238501693e+01 2.131294547897482872e+01 2.127509999999999835e+01
2.056927979148689900e+01 1.888773019551081589e+01 2.066410000000000124e+01 1.810093876367756849e+01 2.053700882119066762e+01 2.158449999999999847e+01 2.208599999999999852e+01 2.223977936872945804e+01 2.129844041084801987e+01 2.106569999999999965e+01
2.053575660361805078e+01 1.887089686320084425e+01 2.062509999999999977e+01 1.811655593194337044e+01 2.056207956743034870e+01 2.164059999999999917e+01 2.205659999999999954e+01 2.221246796496810205e+01 2.125776804574122991e+01 2.116720000000000113e+01
2.054295798125659189e+01 1.887689686320084093e+01 2.066580000000000084e+01 1.811207001161796271e+01 2.054844340752404364e+01 2.164069999999999894e+01 2.204970000000000141e+01 2.231596353647069009e+01 2.127852215836529837e+01 2.118410000000000082e+01
2.049521085594491154e+01 1.889546352884412883e+01 2.058920000000000172e+01 1.814100342430931789e+01 2.054917849603683067e+01 2.157639999999999958e+01 2.235660000000000025e+01 2.221947247632610356e+01 2.125627273913160309e+01 2.114669999999999916e+01
2.055641785195298610e+01 1.888779686320084394e+01 2.062000000000000099e+01 1.811241120761926737e+01 2.051947788356239855e+01 2.156309999999999860e+01 2.223389999999999844e+01 2.213114941266876201e+01 2.125658571783962003e+01 2.111799999999999500e+01
2.051614696552724482e+01 1.890933019551081884e+01 2.062619999999999720e+01 1.810472116887440919e+01 2.049974556643950763e+01 2.171900000000000119e+01 2.210920000000000130e+01 2.215708432797148220e+01 2.129256083730530591e+01 2.112330000000000041e+01
2.058120810925911570e+01 1.889696352884412889e+01 2.063260000000000005e+01 1.812065171199828129e+01 2.056947641561405860e+01 2.162989999999999924e+01 2.223900000000000077e+01 2.210721412612008407e+01 2.139592550249075131e+01 2.117989999999999995e+01
2.062188362983134837e+01 1.888146352884412948e+01 2.067050000000000054e+01 1.814901290971354797e+01 2.050191147222883714e+01 2.179050000000000153e+01 2.194950000000000045e+01 2.229699569677556070e+01 2.112434498847214215e+01 2.123959999999999937e+01
2.057758249764034275e+01 1.891036352884412963e+01 2.059939999999999927e+01 1.811338961597788710e+01 2.054374275611240463e+01 2.170289999999999964e+01 2.221640000000000015e+01 2.208687423963014140e+01 2.126917507629809023e+01 2.113700000000000045e+01
2.047740148569268825e+01 1.887139686320084309e+01 2.063779999999999859e+01 1.811043735957253631e+01 2.054685986186860092e+01 2.159789999999999921e+01 2.201520000000000010e+01 2.209842497743058942e+01 2.125551420824608329e+01 2.116509999999999891e+01
2.052834391561061977e+01 1.885726352884412904e+01 2.061730000000000018e+01 1.812175071484043087e+01 2.049306740804843585e+01 2.168019999999999925e+01 2.207090000000000174e+01 2.211692234839212290e+01 2.124537002390848528e+01 2.121189999999999998e+01
2.058627720923530546e+01 1.888626352884412540e+01 2.064300000000000068e+01 1.811297854193004753e+01 2.049844450837353094e+01 2.154370000000000118e+01 2.197729999999999961e+01 2.237068960017939290e+01 2.129606862924907773e+01 2.118299999999999983e+01
2.054584359556995921e+01 1.887949686320084197e+01 2.063789999999999836e+01 1.812782268637272409e+01 2.050135942391864674e+01 2.163670000000000115e+01 2.199990000000000023e+01 2.205281222114494355e+01 2.129380397356748134e+01 2.118370000000000175e+01
2.060673881204265712e+01 1.888646352884412849e+01 2.065960000000000107e+01 1.811445515092205483e+01 2.053797734637833372e+01 2.152939999999999898e+01 2.218939999999999912e+01 2.210354966658764297e+01 2.133420266066926985e+01 2.125959999999999894e+01
2.057511216856550362e+01 1.887219686320084122e+01 2.062819999999999965e+01 1.811228420883906054e+01 2.054636656687787877e+01 2.156240000000000023e+01 2.203979999999999961e+01 2.225632672622779751e+01 2.126336563670592739e+01 2.120530000000000115e+01
2.052614724957658510e+01 1.890759686320084398e+01 2.062160000000000082e+01 1.812871311078371050e+01 2.053597471129256746e+01 2.165579999999999927e+01 2.232389999999999830e+01 2.232742295279717837e+01 2.124386417836450391e+01 2.113250000000000028e+01
2.055256231230123731e+01 1.886593019551081696e+01 2.066580000000000084e+01 1.811145394683335041e+01 2.056615360481085375e+01 2.168400000000000105e+01 2.211410000000000053e+01 2.206397924077006678e+01 2.131651810914724265e+01 2.122329999999999828e+01
2.054622045936819319e+01 1.888269686320084517e+01 2.060879999999999868e+01 1.810861347060837190e+01 2.049575453770043509e+01 2.161919999999999931e+01 2.225959999999999894e+01 2.222964564242627716e+01 2.128724564242627793e+01 2.116489999999999583e+01
2.055775855602473712e+01 1.886599686320084501e+01 2.065999999999999659e+01 1.811001810451283944e+01 2.049366079850440769e+01 2.150550000000000139e+01 2.210810000000000031e+01 2.206537051498699853e+01 2.128949261707889917e+01 2.122980000000000089e+01
2.060639279357124565e+01 1.889109686320084336e+01 2.065109999999999957e+01 1.810132907291771431e+01 2.052090624425993326e+01 2.164150000000000063e+01 2.214819999999999922e+01 2.228113650784600352e+01 2.134071719502406239e+01 2.121089999999999876e+01
2.055525466744109053e+01 1.887163019551081788e+01 2.063800000000000168e+01 1.810243689065725903e+01 2.054085394494690320e+01 2.160510000000000019e+01 2.220039999999999836e+01 2.210284004709786032e+01 2.130017797730148743e+01 2.119069999999999965e+01
2.055800883404577917e+01 1.886109686320084222e+01 2.064099999999999824e+01 1.812093554815010776e+01 2.052537606959861094e+01 2.160670000000000002e+01 2.204380000000000095e+01 2.213303951735862540e+01 2.129379251114696103e+01 2.119369999999999976e+01
2.057211411488376740e+01 1.886669686320084338e+01 2.065529999999999688e+01 1.811483835369705275e+01 2.052681131695142369e+01 2.162879999999999825e+01 2.203099999999999881e+01 2.219554801155299018e+01 2.136119549416458341e+01 2.119150000000000134e+01
2.051623763019603786e+01 1.888999686320084237e+01 2.066509999999999891e+01 1.809456920116611656e+01 2.050085926940158743e+01 2.177019999999999911e+01 2.168700000000000117e+01 2.226724706359097539e+01 2.130815762082584897e+01 2.111419999999999675e+01
2.056755077914662166e+01 1.886619686320084455e+01 2.065630000000000166e+01 1.811189697672274690e+01 2.054008282922916351e+01 2.164880000000000138e+01 2.198560000000000159e+01 2.212270712062047195e+01 2.129628067359378818e+01 2.114780000000000015e+01
2.056520948796882564e+01 1.888699686320084226e+01 2.064659999999999940e+01 1.811895793448160674e+01 2.054801217428137861e+01 2.165449999999999875e+01 2.205499999999999972e+01 2.206874210296938088e+01 2.131571867097398965e+01 2.116850000000000165e+01
2.054565553899668373e+01 1.886813019551081538e+01 2.061869999999999692e+01 1.810743368751991156e+01 2.051342277262124725e+01 2.177289999999999992e+01 2.229540000000000077e+01 2.201579075366550597e+01 2.127902158633866492e+01 2.111319999999999908e+01
2.052775347294008057e+01 1.887479686320084227e+01 2.066489999999999938e+01 1.810682541315127025e+01 2.051950115051668888e+01 2.161400000000000077e+01 2.205079999999999885e+01 2.221965042358939257e+01 2.123618269648044077e+01 2.115050000000000097e+01
2.053200535329304444e+01 1.888679686320084272e+01 2.059909999999999997e+01 1.811904036830738463e+01 2.052237459241131745e+01 2.160820000000000007e+01 2.198440000000000083e+01 2.216040879020945198e+01 2.131301243036455162e+01 2.118649999999999878e+01
2.052800670253132154e+01 1.891109686320084293e+01 2.063439999999999941e+01 1.811139558026154361e+01 2.049965162544766883e+01 2.176980000000000004e+01 2.214600000000000080e+01 2.226269065604451214e+01 2.123474474056946093e+01 2.125560000000000116e+01
2.058448836427773188e+01 1.888119686320084512e+01 2.065459999999999852e+01 1.810977550151667614e+01 2.056031487485524423e+01 2.168509999999999849e+01 2.217790000000000106e+01 2.212950204809363441e+01 2.128046230762632973e+01 2.116740000000000066e+01
2.053662516156433071e+01 1.888199686320084325e+01 2.064499999999999602e+01 1.812241523146558109e+01 2.046235689613000375e+01 2.158470000000000155e+01 2.214329999999999998e+01 2.218852550249075151e+01 2.119592513824575164e+01 2.122810000000000130e+01
2.053545013775285000e+01 1.887989686320084459e+01 2.059309999999999974e+01 1.812790676994126216e+01 2.045979122830775054e+01 2.165259999999999962e+01 2.205750000000000099e+01 2.224090095093787767e+01 2.132865629165236498e+01 2.113889999999999958e+01
2.054336223007616624e+01 1.884429685092038653e+01 2.064709999999999823e+01 1.807868094023127625e+01 2.053893667305104387e+01 2.155529999999999902e+01 2.217920000000000158e+01 2.188348980649800168e+01 2.135752075557031304e+01 2.124879999999999924e+01
2.055176279478719437e+01 1.887809686320084523e+01 2.066860000000000142e+01 1.810219787623197618e+01 2.046573277832123949e+01 2.172640000000000171e+01 2.234270000000000067e+01 2.209075365133965363e+01 2.132303668012942666e+01 2.113109999999999644e+01
2.059942696708293752e+01 1.888069686320083918e+01 2.064379999999999882e+01 1.811425909223559927e+01 2.050335635620383101e+01 2.159890000000000043e+01 2.225329999999999941e+01 2.220311766072764925e+01 2.125707190639418798e+01 2.117289999999999850e+01
2.055797048411424299e+01 1.887449686320084297e+01 2.062610000000000099e+01 1.812383479994308999e+01 2.051296037396143390e+01 2.161270000000000024e+01 2.228460000000000107e+01 2.233010403496535901e+01 2.136988878871918729e+01 2.122009999999999863e+01
2.051336092912210418e+01 1.889399686320084371e+01 2.065439999999999543e+01 1.811717650348514397e+01 2.050816058529739294e+01 2.157659999999999911e+01 2.204799999999999827e+01 2.210929968551729985e+01 2.128517828661122735e+01 2.116979999999999862e+01
2.056001812711962629e+01 1.893099646722976459e+01 2.056609999999999872e+01 1.809532061072555464e+01 2.052980765955457798e+01 2.166400000000000148e+01 2.181690000000000040e+01 2.240139980566389255e+01 2.105240588681426317e+01 2.113469999999999871e+01
2.050955707303313602e+01 1.890173019551081524e+01 2.063360000000000127e+01 1.809739351892918791e+01 2.052192711880450915e+01 2.162650000000000006e+01 2.214939999999999998e+01 2.212625772442059713e+01 2.128482169790958523e+01 2.117790000000000106e+01
2.051652464258516062e+01 1.887879686320084005e+01 2.065999999999999659e+01 1.810227833350743509e+01 2.052483632151081849e+01 2.148069999999999879e+01 2.213479999999999848e+01 2.201711893812985821e+01 2.124722724366960591e+01 2.128760000000000119e+01
2.053756045372166383e+01 1.888329686320084377e+01 2.061489999999999867e+01 1.810329904268062506e+01 2.051647092962619823e+01 2.157339999999999947e+01 2.202380000000000138e+01 2.217515531103076754e+01 2.128023224224380527e+01 2.115670000000000073e+01
2.060970975440931241e+01 1.891903018322998520e+01 2.059499999999999886e+01 1.815164197136103397e+01 2.040358766865364615e+01 2.182860000000000156e+01 2.239910000000000068e+01 2.168291967631619599e+01 2.133252773015964365e+01 2.112449999999999761e+01
2.056549630381778115e+01 1.887549686320084419e+01 2.065249999999999631e+01 1.811088925891692014e+01 2.054769301366382450e+01 2.160490000000000066e+01 2.202110000000000056e+01 2.219338503382581962e+01 2.126840211594842245e+01 2.117220000000000013e+01
2.060231281710020923e+01 1.887179686320084215e+01 2.067020000000000124e+01 1.813066442061361627e+01 2.058889375806990429e+01 2.171490000000000009e+01 2.220110000000000028e+01 2.202373256010575275e+01 2.117761695363961394e+01 2.118830000000000169e+01
2.056292809127406684e+01 1.892486352884412781e+01 2.064399999999999835e+01 1.811904232611230015e+01 2.054758150022594165e+01 2.167530000000000001e+01 2.237030000000000030e+01 2.233132454951206824e+01 2.111171005142893975e+01 2.107639999999999958e+01
2.054489638044178434e+01 1.888269686320084517e+01 2.064140000000000086e+01 1.812226752255082829e+01 2.053892353379439584e+01 2.166450000000000031e+01 2.217180000000000106e+01 2.223031742741064676e+01 2.123755717241404639e+01 2.120489999999999853e+01
2.055672629795825657e+01 1.890259686320084498e+01 2.067299999999999827e+01 1.810484700094383470e+01 2.050545291250243451e+01 2.163619999999999877e+01 2.204240000000000066e+01 2.209842356263590801e+01 2.129817799616537144e+01 2.118380000000000152e+01
2.056329849379213570e+01 1.886359686320084350e+01 2.065149999999999864e+01 1.810739329183107671e+01 2.050944453040595050e+01 2.156370000000000076e+01 2.208079999999999998e+01 2.213380657117756911e+01 2.129957336362093656e+01 2.119969999999999999e+01
2.051055936544247515e+01 1.886849686320083919e+01 2.064369999999999905e+01 1.811769855720990563e+01 2.047804231425368116e+01 2.159669999999999845e+01 2.186919999999999931e+01 2.212057883416587600e+01 2.134930336138762286e+01 2.124960000000000093e+01
2.051983984360052915e+01 1.888636352884412872e+01 2.058119999999999550e+01 1.810475917365620546e+01 2.053989995932424151e+01 2.153379999999999939e+01 2.194940000000000069e+01 2.227750036203289596e+01 2.130732977869100964e+01 2.121969999999999956e+01
2.051344928269497103e+01 1.887943019551081392e+01 2.057300000000000040e+01 1.810031835716230830e+01 2.052116180954413593e+01 2.131360000000000099e+01 2.194340000000000046e+01 2.238113930837350196e+01 2.133372244605823553e+01 2.130270000000000152e+01
2.053017460288248941e+01 1.892956352884412752e+01 2.066349999999999909e+01 1.809902478089749422e+01 2.051855737811074931e+01 2.163299999999999912e+01 2.188240000000000052e+01 2.216546649726308615e+01 2.126751579857400287e+01 2.113650000000000162e+01
2.054916380723625480e+01 1.890199686320084282e+01 2.069269999999999854e+01 1.809636170514979625e+01 2.052987364863630404e+01 2.151340000000000074e+01 2.224249999999999972e+01 2.214732492845450196e+01 2.135481286134006851e+01 2.129860000000000042e+01
2.054707532162409578e+01 1.887449686320084297e+01 2.057369999999999521e+01 1.809718798152472630e+01 2.048079082236850468e+01 2.170670000000000144e+01 2.209639999999999915e+01 2.216894219555226542e+01 2.130196291982367995e+01 2.121869999999999834e+01
2.053089583995166123e+01 1.887489686320084203e+01 2.062619999999999720e+01 1.810520745423174205e+01 2.054865111137527833e+01 2.166359999999999886e+01 2.219440000000000168e+01 2.228280644927414755e+01 2.123509775550738254e+01 2.117000000000000171e+01
2.056005297878301974e+01 1.888599686320084459e+01 2.061850000000000094e+01 1.810387015698202973e+01 2.055872875918569065e+01 2.155219999999999914e+01 2.217820000000000036e+01 2.227750036203289596e+01 2.133066111331424253e+01 2.116379999999999839e+01
2.056233610831309377e+01 1.888609686320084435e+01 2.070120000000000005e+01 1.813627531526997316e+01 2.051744186792447522e+01 2.161349999999999838e+01 2.200489999999999924e+01 2.208216481342545734e+01 2.129170322109495928e+01 2.121760000000000090e+01
2.055794920056590769e+01 1.888169686320084395e+01 2.059909999999999997e+01 1.811781226154308655e+01 2.051441927836269485e+01 2.161680000000000135e+01 2.208350000000000080e+01 2.216181243036455228e+01 2.131788931268742004e+01 2.118100000000000094e+01
2.049446175681401527e+01 1.879619684171089844e+01 2.057029999999999959e+01 1.813937102012183544e+01 2.051816364103921586e+01 2.134270000000000067e+01 2.210859999999999914e+01 2.185717243239532337e+01 2.108842383191690573e+01 2.117180000000000106e+01
2.052651360064402297e+01 1.888299686320084447e+01 2.062790000000000035e+01 1.812022656076100802e+01 2.052531883067827678e+01 2.169480000000000075e+01 2.200590000000000046e+01 2.216253370474943196e+01 2.131606111331424103e+01 2.118530000000000157e+01
2.057290301634971286e+01 1.888879686320084517e+01 2.065909999999999513e+01 1.809947833988918120e+01 2.052825454129010296e+01 2.160369999999999990e+01 2.177169999999999916e+01 2.203959566206513188e+01 2.127187201633088520e+01 2.113340000000000174e+01
2.056414419096633495e+01 1.887649686320084186e+01 2.064110000000000156e+01 1.811530393165235964e+01 2.052564403855213016e+01 2.165109999999999957e+01 2.202799999999999869e+01 2.238869401838297790e+01 2.121163475178859059e+01 2.115269999999999584e+01
2.051913334181620741e+01 1.892609686320084350e+01 2.062249999999999517e+01 1.815056576176003489e+01 2.056817917561243547e+01 2.167409999999999926e+01 2.216420000000000101e+01 2.213151303283644111e+01 2.122406265382353041e+01 2.131680000000000064e+01
2.053388152630094510e+01 1.887679686320084471e+01 2.063830000000000098e+01 1.812573020203307550e+01 2.053648404931785976e+01 2.164789999999999992e+01 2.201989999999999981e+01 2.226507382525168310e+01 2.126424956147943135e+01 2.116179999999999950e+01
2.056449564577036782e+01 1.887719686320084378e+01 2.061189999999999856e+01 1.811653070928386455e+01 2.051494340776465464e+01 2.156759999999999877e+01 2.208500000000000085e+01 2.206184304759361225e+01 2.132938157458835349e+01 2.117180000000000106e+01
2.053292067619468142e+01 1.889349686320084487e+01 2.061019999999999897e+01 1.811581006589117138e+01 2.049121448469527351e+01 2.153200000000000003e+01 2.203729999999999833e+01 2.210130351270755256e+01 2.125346986014113781e+01 2.117470000000000141e+01
2.053070130539365579e+01 1.888729686320084511e+01 2.063769999999999882e+01 1.810103930832964991e+01 2.047419357363426684e+01 2.159130000000000038e+01 2.179429999999999978e+01 2.226743254224598445e+01 2.135973755384519990e+01 2.117980000000000018e+01
2.053438411987940171e+01 1.888849686320084231e+01 2.063810000000000144e+01 1.810886733900207801e+01 2.050319611115846641e+01 2.161619999999999919e+01 2.204070000000000107e+01 2.218113943905420626e+01 2.123699335119259146e+01 2.118900000000000006e+01
2.054293689676010004e+01 1.888799686320084348e+01 2.063489999999999824e+01 1.809946781089359291e+01 2.050135817098183821e+01 2.161949999999999861e+01 2.200540000000000163e+01 2.220178503382581781e+01 2.127436723390837514e+01 2.120749999999999957e+01
2.051524065693086385e+01 1.889799686320084504e+01 2.063329999999999842e+01 1.810802438023738858e+01 2.049896421992611195e+01 2.161459999999999937e+01 2.231700000000000017e+01 2.213032325701602332e+01 2.129463185029733552e+01 2.115249999999999986e+01
2.055407126097367154e+01 1.889569686320083974e+01 2.062699999999999889e+01 1.809499684939937225e+01 2.054069043897242608e+01 2.156269999999999953e+01 2.224640000000000128e+01 2.205467044136634058e+01 2.126762663786419694e+01 2.115109999999999957e+01
2.052760158511016186e+01 1.889069686320084429e+01 2.061370000000000147e+01 1.811050170679165205e+01 2.049902709753155250e+01 2.157779999999999987e+01 2.201610000000000156e+01 2.222257488555101190e+01 2.126022770626988745e+01 2.114280000000000115e+01
2.054033882880666795e+01 1.888083019551081421e+01 2.062149999999999750e+01 1.811036890759839935e+01 2.053333664233871048e+01 2.158780000000000143e+01 2.206569999999999965e+01 2.212771730608567111e+01 2.132632316585023347e+01 2.119190000000000040e+01
2.057209187345996781e+01 1.886549686320084263e+01 2.065630000000000166e+01 1.813046853905650124e+01 2.044800782179057563e+01 2.170279999999999987e+01 2.219040000000000035e+01 2.223829101954399334e+01 2.112707630460919006e+01 2.122609999999999886e+01
2.055511604872184250e+01 1.888943019551081548e+01 2.061090000000000089e+01 1.810852465381283949e+01 2.051314213457406765e+01 2.159219999999999828e+01 2.201989999999999981e+01 2.225530433247232409e+01 2.125292443974055345e+01 2.118710000000000093e+01
2.054662387042865745e+01 1.886239686320084274e+01 2.062790000000000035e+01 1.811446048572758016e+01 2.049109736044366059e+01 2.163050000000000139e+01 2.198450000000000060e+01 2.221656060028690405e+01 2.131841127023759341e+01 2.112740000000000151e+01
2.056770377604094335e+01 1.887669686320084494e+01 2.062869999999999848e+01 1.810137888993251920e+01 2.053456588300913666e+01 2.160519999999999996e+01 2.215569999999999951e+01 2.226350034021440294e+01 2.131548243933945130e+01 2.121869999999999834e+01
2.057844901754828726e+01 1.888889686320084493e+01 2.060729999999999862e+01 1.810676963446605470e+01 2.045228473784770529e+01 2.149370000000000047e+01 2.193870000000000076e+01 2.214962916229824685e+01 2.129437211800345864e+01 2.113439999999999941e+01
2.055862261240957878e+01 1.886319686320084443e+01 2.062679999999999936e+01 1.813499980490387031e+01 2.054624070090321197e+01 2.163830000000000098e+01 2.214079999999999870e+01 2.200544992750745621e+01 2.116873560107136498e+01 2.119079999999999941e+01
2.059711180560679011e+01 1.886602971039627974e+01 2.064150000000000063e+01 1.812815199982394176e+01 2.053560337250197065e+01 2.187000000000000099e+01 2.198590000000000089e+01 2.205743499965398158e+01 2.126047663170720270e+01 2.112969999999999970e+01
2.055754973538235220e+01 1.889599686320084260e+01 2.063719999999999999e+01 1.810317648944062086e+01 2.052004958627517794e+01 2.169879999999999853e+01 2.213899999999999935e+01 2.219283108573699081e+01 2.128942865576763666e+01 2.117010000000000147e+01
2.059237124950669440e+01 1.888529686320084267e+01 2.065129999999999910e+01 1.810744944549507096e+01 2.050257663023801058e+01 2.162369999999999948e+01 2.207629999999999981e+01 2.227202325701602348e+01 2.132141527269385506e+01 2.119290000000000163e+01
2.062290094043544642e+01 1.889339686320084510e+01 2.067000000000000171e+01 1.812544378738595441e+01 2.048873446065789850e+01 2.157580000000000098e+01 2.202749999999999986e+01 2.216324498604317483e+01 2.125602094186523772e+01 2.115919999999999845e+01
2.051315323392581291e+01 1.887769686320084261e+01 2.062839999999999918e+01 1.812708114371849533e+01 2.052969313042373045e+01 2.155310000000000059e+01 2.225850000000000151e+01 2.219606076783454540e+01 2.129175620513225553e+01 2.116090000000000160e+01
2.056648434077563081e+01 1.890869686320084497e+01 2.065709999999999980e+01 1.813005128039276315e+01 2.053806207567920694e+01 2.151800000000000068e+01 2.216829999999999856e+01 2.214162952083053426e+01 2.120936596833575294e+01 2.121499999999999986e+01
2.050541946556261053e+01 1.886039674345652628e+01 2.063369999999999749e+01 1.805039239508136717e+01 2.050572871273225672e+01 2.176419999999999888e+01 2.212800000000000011e+01 2.182402663598282189e+01 2.134553181544606559e+01 2.115510000000000090e+01
2.055640669187249614e+01 1.889069686320084429e+01 2.064600000000000080e+01 1.809768579670352651e+01 2.056065832486470768e+01 2.161789999999999878e+01 2.219800000000000040e+01 2.219423951735862488e+01 2.128446269759952969e+01 2.115309999999999846e+01
2.048288563271911045e+01 1.886543019551081457e+01 2.062349999999999994e+01 1.810994925998689098e+01 2.054230062468922569e+01 2.157799999999999940e+01 2.202659999999999840e+01 2.214974284844154084e+01 2.124974909958496028e+01 2.121539999999999893e+01
2.054165014620176066e+01 1.890359686320084265e+01 2.062529999999999575e+01 1.811846884362250876e+01 2.048240406339502329e+01 2.164910000000000068e+01 2.211070000000000135e+01 2.209303486025580199e+01 2.129608240543770847e+01 2.121989999999999910e+01
2.056560293684118790e+01 1.888089686320084226e+01 2.063520000000000110e+01 1.811647720511911430e+01 2.053144955168254526e+01 2.163879999999999981e+01 2.202740000000000009e+01 2.220436771155725353e+01 2.126399717486164320e+01 2.119419999999999860e+01
2.049707765980214091e+01 1.887969686320084151e+01 2.064339999999999975e+01 1.813141018144203187e+01 2.052824428767278420e+01 2.159789999999999921e+01 2.204960000000000164e+01 2.226588835023085267e+01 2.131459521895337517e+01 2.116270000000000095e+01
2.054416841679574546e+01 1.887739686320084331e+01 2.062839999999999918e+01 1.810906336865155808e+01 2.049350697141683852e+01 2.159799999999999898e+01 2.204680000000000106e+01 2.215088978234642880e+01 2.127162975243879828e+01 2.117709999999999937e+01
2.060712788550287655e+01 1.889266352884412825e+01 2.064949999999999974e+01 1.811514099021881208e+01 2.048208200665316525e+01 2.152299999999999969e+01 2.195339999999999847e+01 2.220402400324016412e+01 2.132092663786419706e+01 2.119999999999999929e+01
2.058902090788318873e+01 1.889159686320084219e+01 2.062869999999999848e+01 1.810743983406056401e+01 2.044828569237113669e+01 2.169810000000000016e+01 2.196499999999999986e+01 2.214900666385693739e+01 2.129782770626988864e+01 2.110600000000000165e+01
2.057522768042056072e+01 1.887749686320084308e+01 2.068700000000000117e+01 1.810692929207296942e+01 2.050034704408279396e+01 2.160099999999999909e+01 2.221209999999999951e+01 2.227215466540739541e+01 2.135356353647068772e+01 2.118149999999999977e+01
2.054141703514231310e+01 1.887709686320084401e+01 2.059929999999999950e+01 1.813784729732589085e+01 2.051833177957589882e+01 2.165810000000000102e+01 2.206419999999999959e+01 2.208924374006534208e+01 2.134360917977072347e+01 2.119419999999999860e+01
2.054370574169260877e+01 1.888509686320084313e+01 2.060610000000000142e+01 1.811292809480398347e+01 2.052508627193941493e+01 2.159789999999999921e+01 2.216079999999999828e+01 2.215308243285775447e+01 2.131093160791200347e+01 2.117389999999999972e+01
2.059639454463900776e+01 1.889379686320084062e+01 2.064119999999999777e+01 1.813997232168748397e+01 2.046276244030441660e+01 2.169679999999999964e+01 2.209019999999999939e+01 2.210624929653177162e+01 2.130418882823968829e+01 2.107209999999999894e+01
2.052381129698905937e+01 1.889629686320084190e+01 2.063599999999999923e+01 1.811987953448120692e+01 2.050482628302174959e+01 2.156269999999999953e+01 2.233010000000000161e+01 2.221722160728137752e+01 2.126638946953796250e+01 2.121770000000000067e+01
2.051643012396165133e+01 1.887269686320084361e+01 2.061609999999999943e+01 1.811388958106608271e+01 2.051377564042867618e+01 2.165269999999999939e+01 2.227199999999999847e+01 2.212654366517102744e+01 2.126845175200003268e+01 2.119889999999999830e+01
2.058556174348045431e+01 1.890559686320084509e+01 2.065549999999999997e+01 1.813073692508824308e+01 2.053888421448888124e+01 2.149070000000000036e+01 2.210069999999999979e+01 2.226929077228239606e+01 2.125299784205621023e+01 2.130160000000000053e+01
2.052485848427501125e+01 1.888719686320084179e+01 2.062359999999999971e+01 1.811224355349874671e+01 2.051209297064976411e+01 2.153999999999999915e+01 2.202659999999999840e+01 2.232840489444417642e+01 2.126400950739170526e+01 2.114809999999999945e+01
2.063527853533900824e+01 1.889279686320084295e+01 2.062740000000000151e+01 1.812653087044312272e+01 2.051864500950058812e+01 2.165119999999999933e+01 2.217480000000000118e+01 2.211295102945717161e+01 2.125394232250335591e+01 2.119099999999999895e+01
2.053253316006449580e+01 1.877663019551081902e+01 2.059349999999999881e+01 1.813441681987189114e+01 2.052698809165771365e+01 2.176249999999999929e+01 2.197469999999999857e+01 2.178148243670721484e+01 2.107788533036880807e+01 2.113370000000000104e+01
2.055691649331321713e+01 1.886456352884412979e+01 2.065909999999999513e+01 1.811131390719982903e+01 2.049474530640810954e+01 2.169960000000000022e+01 2.185030000000000072e+01 2.216695175200003476e+01 2.131516212686443623e+01 2.119160000000000110e+01
2.052766657205860668e+01 1.889206352884412965e+01 2.066870000000000118e+01 1.811844040914385801e+01 2.049138401240644214e+01 2.161939999999999884e+01 2.217559999999999931e+01 2.214973812269332853e+01 2.127425842339884099e+01 2.121559999999999846e+01
2.056795094127740242e+01 1.887859686320084407e+01 2.063700000000000045e+01 1.810706996753187070e+01 2.049941909566015852e+01 2.164140000000000086e+01 2.193990000000000151e+01 2.213424990865713227e+01 2.128240175863954065e+01 2.116290000000000049e+01
2.060697602666032324e+01 1.887456352884412780e+01 2.064480000000000004e+01 1.813165708422853584e+01 2.049513585949544847e+01 2.164699999999999847e+01 2.264239999999999853e+01 2.214261128730559136e+01 2.130584899645722885e+01 2.125659999999999883e+01
2.056882850862820078e+01 1.888219686320084278e+01 2.066850000000000165e+01 1.810850371090199218e+01 2.050763577346835831e+01 2.158960000000000079e+01 2.212910000000000110e+01 2.221590721205110697e+01 2.125991197018243994e+01 2.115930000000000177e+01
2.055947899109380117e+01 1.886579686320084193e+01 2.058220000000000027e+01 1.811050880235291061e+01 2.055646100461192205e+01 2.151980000000000004e+01 2.210350000000000037e+01 2.225146521916573050e+01 2.134403193003808852e+01 2.119829999999999970e+01
2.052846281988919230e+01 1.893646352884412920e+01 2.063820000000000121e+01 1.813170511323572143e+01 2.052757600368783386e+01 2.168700000000000117e+01 2.180559999999999832e+01 2.205045525362849901e+01 2.115272497743059077e+01 2.120240000000000080e+01
2.053797324347115705e+01 1.888949686320084353e+01 2.060729999999999862e+01 1.809877402982802863e+01 2.051902426282141079e+01 2.164499999999999957e+01 2.208119999999999905e+01 2.209786027415216836e+01 2.125902813042210227e+01 2.118730000000000047e+01
2.056414258633238745e+01 1.887269686320084361e+01 2.064480000000000004e+01 1.811312815130617082e+01 2.050751323959120498e+01 2.163210000000000122e+01 2.211139999999999972e+01 2.218388078338611891e+01 2.127579157401601151e+01 2.125319999999999965e+01
2.055683676776451563e+01 1.888429686320084500e+01 2.063040000000000163e+01 1.811538740512513357e+01 2.053040665792224928e+01 2.161210000000000164e+01 2.202690000000000126e+01 2.213947413717228585e+01 2.124981830518657233e+01 2.118599999999999994e+01
2.054086534191218760e+01 1.888679686320084272e+01 2.066679999999999851e+01 1.809108162926747099e+01 2.052874174704814081e+01 2.151910000000000167e+01 2.210770000000000124e+01 2.211684649167685990e+01 2.129685254263351979e+01 2.113949999999999818e+01
2.058056751644420856e+01 1.890129686320084090e+01 2.065680000000000049e+01 1.809955253230418037e+01 2.048149791169467449e+01 2.154410000000000025e+01 2.238100000000000023e+01 2.225069261707889723e+01 2.125762750605347406e+01 2.107600000000000051e+01
2.054260242427644911e+01 1.886889686320084181e+01 2.060940000000000083e+01 1.811790540673364802e+01 2.051206657350171270e+01 2.154769999999999897e+01 2.218649999999999878e+01 2.222163291223910875e+01 2.138186755926534488e+01 2.123819999999999908e+01
2.056490242225377330e+01 1.888319686320084401e+01 2.061139999999999972e+01 1.810639500414668390e+01 2.051004679492567817e+01 2.160429999999999851e+01 2.211309999999999931e+01 2.214776796496810363e+01 2.126092123210054652e+01 2.119079999999999941e+01
2.056421240604381495e+01 1.887829686320084477e+01 2.064020000000000010e+01 1.811566687596430469e+01 2.052826210793051231e+01 2.159850000000000136e+01 2.214730000000000132e+01 2.215473092354496742e+01 2.126809211879792372e+01 2.118440000000000012e+01
2.054542922966379948e+01 1.888719686320084179e+01 2.062010000000000076e+01 1.812047377129795933e+01 2.053585784705734341e+01 2.158399999999999963e+01 2.209430000000000049e+01 2.203504428971349327e+01 2.127180664760764728e+01 2.119549999999999912e+01
2.057838448170985401e+01 1.882346352577410897e+01 2.059860000000000113e+01 1.811613110326896958e+01 2.053610714164299722e+01 2.143720000000000070e+01 2.200560000000000116e+01 2.206250108458473846e+01 2.142989867851115093e+01 2.120349999999999824e+01
2.053727598904668739e+01 1.890649686320084299e+01 2.064000000000000057e+01 1.810841953398004378e+01 2.049022375224795667e+01 2.159680000000000177e+01 2.198339999999999961e+01 2.213236226161652453e+01 2.122404918545776553e+01 2.117510000000000048e+01
2.056144354353925863e+01 1.889913019551081419e+01 2.064610000000000056e+01 1.813099119021968875e+01 2.056629269262777626e+01 2.173819999999999908e+01 2.207039999999999935e+01 2.215580239116508920e+01 2.130988025905245919e+01 2.117620000000000147e+01
2.055199834616795229e+01 1.886653019551081556e+01 2.060399999999999920e+01 1.812565344660919209e+01 2.053908225942733878e+01 2.152639999999999887e+01 2.198610000000000042e+01 2.211394325497355595e+01 2.131637816497722682e+01 2.118220000000000169e+01
2.058609730527453507e+01 1.890483019551081512e+01 2.059720000000000084e+01 1.813699903408236835e+01 2.052744990416852033e+01 2.145439999999999969e+01 2.216469999999999985e+01 2.230094556185694898e+01 2.109457417154799685e+01 2.133419999999999916e+01
2.055413873617811404e+01 1.887459686320084273e+01 2.062600000000000122e+01 1.810477369843627571e+01 2.051567700035015207e+01 2.157770000000000010e+01 2.200649999999999906e+01 2.221512146051682635e+01 2.131718133336013921e+01 2.113589999999999947e+01
2.054454923039701697e+01 1.889929686320084201e+01 2.061169999999999902e+01 1.810460714339932409e+01 2.062071442627677698e+01 2.151679999999999993e+01 2.211550000000000082e+01 2.197467183654607226e+01 2.128689253727940667e+01 2.111149999999999949e+01
2.057305762460710952e+01 1.889619686320084213e+01 2.062349999999999994e+01 1.809861717674057502e+01 2.050776781685468819e+01 2.162170000000000059e+01 2.199960000000000093e+01 2.203550020073164362e+01 2.125111194891714206e+01 2.118519999999999825e+01
2.056529454463900919e+01 1.888696352884412732e+01 2.063939999999999486e+01 1.810373421249728665e+01 2.051084636329387223e+01 2.159450000000000003e+01 2.208609999999999829e+01 2.202006349230664384e+01 2.123898321056460503e+01 2.118039999999999878e+01
2.051014185105062637e+01 1.887919686320084267e+01 2.065109999999999957e+01 1.810980311310985513e+01 2.051392374070783831e+01 2.155640000000000001e+01 2.214750000000000085e+01 2.214619979312334763e+01 2.128129980139258492e+01 2.114969999999999928e+01
2.050975575075486290e+01 1.889919686320084224e+01 2.059339999999999549e+01 1.810644794784341727e+01 2.052943631778363454e+01 2.154390000000000072e+01 2.194640000000000057e+01 2.226159035662538699e+01 2.121753810417305885e+01 2.120660000000000167e+01
2.056179738268791013e+01 1.892769686320084332e+01 2.065940000000000154e+01 1.812611389163861375e+01 2.049291054590829120e+01 2.167409999999999926e+01 2.219960000000000022e+01 2.198805920007457004e+01 2.122245730922181650e+01 2.122939999999999827e+01
2.061723879489807132e+01 1.889013019551081385e+01 2.061860000000000070e+01 1.812077826559707816e+01 2.053906493633800068e+01 2.159189999999999898e+01 2.231650000000000134e+01 2.224288557379635023e+01 2.127149511437786700e+01 2.117810000000000059e+01
2.060594531579285871e+01 1.890629686320084346e+01 2.066219999999999857e+01 1.809798286330003947e+01 2.045261322161077544e+01 2.164450000000000074e+01 2.176170000000000115e+01 2.209561240787769165e+01 2.144924467592867146e+01 2.112879999999999825e+01
2.062101155680456088e+01 1.887079686320084448e+01 2.055089999999999861e+01 1.812839418337080488e+01 2.051069297901733179e+01 2.167830000000000013e+01 2.208569999999999922e+01 2.198958321285124384e+01 2.134216534141278387e+01 2.117909999999999826e+01
2.060015317647981448e+01 1.889119686320084313e+01 2.063200000000000145e+01 1.811637105367472245e+01 2.053723356280749357e+01 2.171989999999999910e+01 2.238329999999999842e+01 2.207507499161917508e+01 2.128018289729813262e+01 2.117739999999999867e+01
2.058496534191218785e+01 1.889119686320084313e+01 2.061039999999999850e+01 1.812046198154409993e+01 2.052228470391976600e+01 2.165889999999999915e+01 2.205379999999999896e+01 2.202535451176305870e+01 2.132356433096938275e+01 2.110330000000000084e+01
2.055634059699388416e+01 1.886939686320084064e+01 2.059730000000000061e+01 1.810115168441674882e+01 2.049668614775800535e+01 2.168209999999999837e+01 2.209489999999999910e+01 2.195616399744756819e+01 2.136302139780687526e+01 2.116560000000000130e+01
2.058888989859683960e+01 1.892856352884412985e+01 2.064489999999999981e+01 1.813464663247733100e+01 2.037446700812773770e+01 2.119040000000000035e+01 2.205669999999999931e+01 2.168193106052480701e+01 2.144709450571446752e+01 2.131060000000000088e+01
2.056755251861155642e+01 1.890659686320084276e+01 2.065449999999999875e+01 1.810375115339306973e+01 2.054065720304582499e+01 2.154919999999999902e+01 2.206569999999999965e+01 2.214422076492969893e+01 2.132912339833728765e+01 2.117610000000000170e+01
2.053350615971593385e+01 1.889079686320084406e+01 2.064750000000000085e+01 1.810469468958420691e+01 2.050758839666825395e+01 2.156259999999999977e+01 2.192269999999999897e+01 2.201503670172560589e+01 2.134618385353967085e+01 2.124080000000000013e+01
2.057698019855143556e+01 1.885203019551081383e+01 2.065040000000000120e+01 1.811732909147690407e+01 2.049128666492807582e+01 2.164280000000000115e+01 2.204799999999999827e+01 2.211424108377594422e+01 2.128827413717228723e+01 2.116359999999999886e+01
2.051669639533584188e+01 1.887369686320084483e+01 2.061250000000000071e+01 1.811542494741727793e+01 2.059273722752807601e+01 2.159809999999999874e+01 2.221030000000000015e+01 2.220565305771642883e+01 2.108678773159262576e+01 2.117869999999999919e+01
2.048462333335394803e+01 1.891026352884412987e+01 2.065510000000000090e+01 1.811769576472082832e+01 2.056014267202590773e+01 2.158040000000000092e+01 2.207389999999999830e+01 2.209374428422180259e+01 2.132024138710466943e+01 2.121569999999999823e+01
2.060298691329171206e+01 1.891886352884412759e+01 2.067520000000000024e+01 1.810332661648252994e+01 2.051793837616243010e+01 2.168830000000000169e+01 2.216300000000000026e+01 2.225185574537849931e+01 2.122129456439114037e+01 2.117269999999999897e+01
2.051117161879913553e+01 1.888866352884412692e+01 2.068489999999999895e+01 1.811457172816955108e+01 2.054168932624697064e+01 2.151620000000000132e+01 2.207969999999999899e+01 2.230351957598978885e+01 2.122657208738738177e+01 2.113749999999999929e+01
2.058085195512032328e+01 1.889429686320084301e+01 2.063629999999999853e+01 1.810110135413386345e+01 2.047275618940362563e+01 2.157929999999999993e+01 2.231190000000000140e+01 2.202976289397332010e+01 2.124512302729242208e+01 2.116920000000000002e+01
2.060235313180750438e+01 1.886333019551081591e+01 2.061809999999999832e+01 1.813005923180780954e+01 2.049245858627839567e+01 2.161929999999999907e+01 2.203829999999999956e+01 2.235623731234028000e+01 2.127736900997142300e+01 2.112130000000000152e+01
2.059539555840885328e+01 1.889049686320084476e+01 2.063449999999999918e+01 1.810336684860801526e+01 2.056852543671333677e+01 2.150469999999999970e+01 2.213609999999999900e+01 2.222306707189891739e+01 2.121068541333840685e+01 2.122279999999999944e+01
2.054940044469640981e+01 1.889629686320084190e+01 2.060879999999999868e+01 1.810209726884331616e+01 2.053060942843279690e+01 2.150069999999999837e+01 2.186459999999999937e+01 2.206514598343188993e+01 2.134255109621640401e+01 2.115240000000000009e+01
2.055138731062194068e+01 1.888269686320084517e+01 2.067729999999999890e+01 1.811308335415255755e+01 2.049460029691342555e+01 2.165630000000000166e+01 2.197479999999999833e+01 2.210279756359652481e+01 2.121641980913173597e+01 2.116540000000000177e+01
2.056467237303687057e+01 1.887919686320084267e+01 2.061890000000000001e+01 1.812138071089459856e+01 2.050295511684005234e+01 2.158609999999999829e+01 2.219810000000000016e+01 2.218153951070881647e+01 2.129009542723725446e+01 2.119650000000000034e+01
2.056314232357473415e+01 1.885893019551081551e+01 2.060780000000000101e+01 1.810478886706275148e+01 2.050952463045754115e+01 2.154439999999999955e+01 2.211100000000000065e+01 2.228455372007337942e+01 2.128065368253517420e+01 2.124980000000000047e+01
2.054315628666039828e+01 1.887089686320084425e+01 2.069399999999999906e+01 1.809669139680517702e+01 2.046099625598666449e+01 2.156319999999999837e+01 2.202250000000000085e+01 2.205979705196904916e+01 2.131106620605579138e+01 2.117780000000000129e+01
2.057990979890476879e+01 1.891729686320083914e+01 2.063309999999999889e+01 1.810757225280805116e+01 2.050688040381372801e+01 2.156319999999999837e+01 2.204700000000000060e+01 2.205598344778523057e+01 2.125705136887426505e+01 2.124970000000000070e+01
2.052980525065979123e+01 1.890716352884412998e+01 2.060539999999999949e+01 1.812755733046638795e+01 2.054669495885059405e+01 2.182539999999999836e+01 2.222240000000000038e+01 2.202269745955105407e+01 2.131053502467625549e+01 2.109280000000000044e+01
2.052434269903915975e+01 1.888586352884412989e+01 2.060950000000000060e+01 1.812398055325406077e+01 2.054483046610104324e+01 2.167660000000000053e+01 2.200009999999999977e+01 2.218759594914821065e+01 2.126186596833575138e+01 2.114590000000000103e+01
2.050025044607811964e+01 1.887089686320084425e+01 2.059750000000000014e+01 1.810218451256831784e+01 2.058039960842255311e+01 2.150329999999999941e+01 2.208879999999999910e+01 2.215785194299986216e+01 2.123148988657660396e+01 2.116039999999999921e+01
2.055561604872183779e+01 1.888569686320084173e+01 2.063530000000000086e+01 1.810748783358340575e+01 2.051528685097876448e+01 2.159990000000000165e+01 2.199889999999999901e+01 2.209852884180084942e+01 2.125686024087731241e+01 2.117709999999999937e+01
2.056550692617294729e+01 1.889369686320084440e+01 2.064699999999999847e+01 1.810880091056067087e+01 2.051212118483555003e+01 2.164649999999999963e+01 2.210709999999999908e+01 2.214831593016979383e+01 2.129055531031121973e+01 2.115099999999999980e+01
2.051225946574075110e+01 1.892299686320084362e+01 2.062269999999999825e+01 1.812114672947583571e+01 2.054841093860131807e+01 2.157979999999999876e+01 2.225929999999999964e+01 2.218656540392522558e+01 2.126344982159089625e+01 2.122950000000000159e+01
2.062243937861940069e+01 1.880409686320084361e+01 2.070060000000000144e+01 1.812874163180609699e+01 2.051858555206934653e+01 2.163980000000000103e+01 2.237349999999999994e+01 2.207949900959457068e+01 2.144594917398673317e+01 2.106650000000000134e+01
2.055960563005453423e+01 1.890849686320084189e+01 2.059029999999999916e+01 1.811521672929811544e+01 2.051276435946995491e+01 2.150619999999999976e+01 2.199010000000000176e+01 2.204103939876039320e+01 2.125479275028760640e+01 2.112349999999999994e+01
2.051234431998975083e+01 1.889389686320084394e+01 2.066310000000000002e+01 1.813381056969421223e+01 2.055765016677586488e+01 2.167220000000000013e+01 2.194409999999999883e+01 2.230098571491096138e+01 2.133182722117927455e+01 2.114249999999999829e+01
2.053820621430398674e+01 1.890436352884412941e+01 2.060820000000000007e+01 1.811591826907569214e+01 2.047232593045203686e+01 2.160419999999999874e+01 2.218019999999999925e+01 2.199154165655964022e+01 2.133457813139186499e+01 2.125199999999999889e+01
2.054203880772387336e+01 1.889179686320084173e+01 2.060960000000000036e+01 1.812599614737160536e+01 2.053626019051268159e+01 2.159339999999999904e+01 2.226630000000000109e+01 2.220417885657381873e+01 2.131977161538095800e+01 2.120570000000000022e+01
2.055842055791086764e+01 1.888549686320084220e+01 2.064399999999999835e+01 1.811204558001411158e+01 2.055281316074551867e+01 2.164049999999999940e+01 2.227349999999999852e+01 2.227691855757704786e+01 2.136927193670343073e+01 2.115030000000000143e+01
2.055400036802843999e+01 1.889026352884413029e+01 2.066619999999999990e+01 1.811259836131004164e+01 2.052098932294169131e+01 2.140159999999999840e+01 2.209489999999999910e+01 2.183204506756419505e+01 2.128883810417305966e+01 2.123539999999999850e+01
2.051012263003001124e+01 1.888019686320084389e+01 2.063329999999999842e+01 1.810929453408132161e+01 2.052034093726157238e+01 2.159939999999999927e+01 2.218370000000000175e+01 2.216995785837292132e+01 2.129971370562738997e+01 2.122919999999999874e+01
2.055551866186259602e+01 1.889929686320084201e+01 2.065739999999999910e+01 1.811371073402622045e+01 2.052322379782745898e+01 2.163850000000000051e+01 2.199390000000000001e+01 2.220121107391706516e+01 2.127854496216866664e+01 2.115549999999999642e+01
2.056108010015226384e+01 1.888619686320084412e+01 2.062010000000000076e+01 1.811526509192039569e+01 2.049036584907226910e+01 2.163230000000000075e+01 2.208930000000000149e+01 2.210813924189859137e+01 2.129433235727410789e+01 2.121259999999999835e+01
2.061678187214094748e+01 1.887719684170919976e+01 2.054840000000000089e+01 1.813239591771041148e+01 2.049002507726104483e+01 2.165099999999999980e+01 2.197680000000000078e+01 2.187343788312325543e+01 2.126065123616716335e+01 2.105879999999999797e+01
2.055192965149113604e+01 1.889079686320084406e+01 2.066910000000000025e+01 1.810082035248973398e+01 2.057051247527425986e+01 2.168410000000000082e+01 2.223669999999999902e+01 2.234139513637493479e+01 2.139119549405624809e+01 2.116209999999999525e+01
2.056104652932413757e+01 1.888549686320084220e+01 2.063040000000000163e+01 1.810596120170871970e+01 2.052363449334806589e+01 2.154729999999999990e+01 2.204100000000000037e+01 2.211572983382856705e+01 2.128496503960495900e+01 2.115930000000000177e+01
2.054942788073984872e+01 1.889459686320084231e+01 2.066359999999999886e+01 1.811451164033717021e+01 2.057493190078068324e+01 2.161759999999999948e+01 2.218499999999999872e+01 2.221329618186368293e+01 2.121441349795527742e+01 2.119770000000000110e+01
2.054309042382190853e+01 1.888169686320084395e+01 2.062300000000000111e+01 1.811464425353052832e+01 2.053502757383007093e+01 2.160790000000000077e+01 2.213599999999999923e+01 2.214211441895967170e+01 2.127597685415389961e+01 2.118149999999999977e+01
2.056291799432206346e+01 1.886623019551081626e+01 2.066559999999999775e+01 1.811183200175445052e+01 2.049392112124155574e+01 2.146089999999999876e+01 2.209969999999999857e+01 2.226392118485226135e+01 2.125144540784423342e+01 2.116189999999999927e+01
2.058327271700933636e+01 1.888676352884412779e+01 2.063919999999999888e+01 1.810235259159317067e+01 2.054074702483243797e+01 2.155499999999999972e+01 2.193009999999999948e+01 2.221727813236575244e+01 2.130964482982855301e+01 2.106490000000000151e+01
2.056957911454197330e+01 1.886416352884412717e+01 2.069590000000000174e+01 1.808567104892351196e+01 2.056169658920939014e+01 2.150080000000000169e+01 2.230519999999999925e+01 2.199349347314628034e+01 2.128534512007725255e+01 2.112750000000000128e+01
2.052563204809535691e+01 1.888619686320084412e+01 2.066779999999999973e+01 1.811571361484283571e+01 2.051506386889263212e+01 2.169709999999999894e+01 2.196300000000000097e+01 2.223419882828415339e+01 2.121345271418549316e+01 2.125140000000000029e+01
2.053857152709535328e+01 1.887639686320084209e+01 2.062959999999999994e+01 1.811223195770568850e+01 2.054434229147330271e+01 2.157939999999999969e+01 2.202789999999999893e+01 2.221184496295222033e+01 2.133968204113570977e+01 2.115439999999999898e+01
2.052533871771111507e+01 1.890659686320084276e+01 2.059730000000000061e+01 1.811851673292972720e+01 2.045588071154712395e+01 2.170050000000000168e+01 2.191570000000000107e+01 2.215839667121531420e+01 2.134796877611005783e+01 2.108739999999999881e+01
2.052238735026376304e+01 1.889109686320084336e+01 2.064570000000000149e+01 1.811037514524408820e+01 2.052153923996131368e+01 2.157880000000000109e+01 2.204530000000000101e+01 2.221343215483556932e+01 2.130281037120385434e+01 2.118649999999999878e+01
2.051735012621740850e+01 1.888243019551081403e+01 2.061329999999999885e+01 1.810094436168095200e+01 2.046075926529483624e+01 2.165040000000000120e+01 2.209009999999999962e+01 2.197574605977143847e+01 2.132450028416830179e+01 2.126229999999999976e+01
2.053080553416410581e+01 1.888059686320084296e+01 2.062569999999999837e+01 1.811349109775865429e+01 2.053490796282772379e+01 2.151109999999999900e+01 2.229810000000000159e+01 2.207604431788293908e+01 2.127957716102009300e+01 2.113739999999999952e+01
2.058053405627147470e+01 1.889136352884412773e+01 2.062269999999999825e+01 1.810953517239232724e+01 2.053942638407262677e+01 2.161520000000000152e+01 2.200730000000000075e+01 2.210933863356590479e+01 2.129048096689474789e+01 2.122400000000000020e+01
2.057332504645605908e+01 1.889479686320083829e+01 2.063990000000000080e+01 1.812091150980244691e+01 2.059009624705600316e+01 2.150039999999999907e+01 2.183259999999999934e+01 2.193325067531224803e+01 2.132092571919407220e+01 2.121809999999999974e+01
2.056872506031879766e+01 1.886369686320084327e+01 2.061759999999999948e+01 1.810390750143319849e+01 2.048360007600909682e+01 2.161120000000000019e+01 2.192409999999999926e+01 2.227917224502503046e+01 2.136247423474706864e+01 2.118619999999999948e+01
2.056934917049789391e+01 1.888629686320084033e+01 2.063139999999999930e+01 1.810879214518966052e+01 2.052569285073616001e+01 2.160549999999999926e+01 2.209410000000000096e+01 2.218039042820327822e+01 2.128889231489679545e+01 2.116629999999999967e+01
2.055636024285339403e+01 1.887279686320084338e+01 2.062950000000000017e+01 1.810663459414060128e+01 2.051548543281380788e+01 2.155679999999999907e+01 2.197609999999999886e+01 2.213337084440000524e+01 2.127902101083358488e+01 2.120870000000000033e+01
2.055716948302887204e+01 1.887709686320084401e+01 2.064760000000000062e+01 1.812185029149777193e+01 2.054503383370957437e+01 2.168130000000000024e+01 2.210529999999999973e+01 2.191184355202183198e+01 2.135780781204300638e+01 2.101139999999999830e+01
2.061932633373428914e+01 1.889059686320084452e+01 2.063950000000000173e+01 1.810271165412616057e+01 2.049122965350687764e+01 2.151689999999999969e+01 2.217070000000000007e+01 2.192428331675456832e+01 2.124078606089350529e+01 2.114999999999999858e+01
2.060258903884440684e+01 1.888353019244060960e+01 2.061589999999999634e+01 1.809746560482129141e+01 2.050383802151898394e+01 2.150469999999999970e+01 2.220060000000000144e+01 2.190074191180369212e+01 2.132842777254370503e+01 2.133520000000000039e+01
2.059888880081030038e+01 1.887546352884412926e+01 2.066939999999999600e+01 1.813596138160872329e+01 2.050993482371418963e+01 2.209929999999999950e+01 2.220400000000000063e+01 2.221236988969018000e+01 2.113220877802245212e+01 2.114450000000000074e+01
2.056730642293921818e+01 1.887859686320084407e+01 2.060219999999999985e+01 1.810306400991532882e+01 2.047223803038446022e+01 2.167719999999999914e+01 2.220540000000000092e+01 2.201489411607809998e+01 2.126174741928200262e+01 2.115769999999999840e+01
2.054965497096512550e+01 1.886779686320084437e+01 2.066310000000000002e+01 1.810780834959002661e+01 2.051079948228365168e+01 2.161329999999999885e+01 2.213700000000000045e+01 2.215182741856463622e+01 2.133110735282530612e+01 2.120690000000000097e+01
2.057765637552923010e+01 1.888426352884413006e+01 2.058650000000000091e+01 1.810435136100837639e+01 2.050879491005346011e+01 2.157860000000000156e+01 2.212330000000000041e+01 2.226440397356748235e+01 2.128223956491929769e+01 2.115099999999999980e+01
2.054657493910215749e+01 1.888306352884412931e+01 2.066359999999999886e+01 1.811816405590631973e+01 2.050498342761470028e+01 2.154100000000000037e+01 2.226780000000000115e+01 2.233038384440986590e+01 2.132174622731957925e+01 2.113759999999999906e+01
2.056084495718627281e+01 1.888546352884412727e+01 2.061540000000000106e+01 1.813129517195518048e+01 2.055978377592826689e+01 2.149830000000000041e+01 2.219640000000000057e+01 2.227635154762821657e+01 2.115594806045581677e+01 2.116529999999999845e+01
2.055948080383759802e+01 1.889599686320084260e+01 2.059489999999999910e+01 1.810613286240432274e+01 2.049713511386905651e+01 2.156180000000000163e+01 2.214460000000000051e+01 2.226820564459810825e+01 2.135186559473802248e+01 2.114679999999999893e+01
2.051892574364874022e+01 1.888689686320084249e+01 2.063050000000000139e+01 1.811094603667545755e+01 2.052154781769467462e+01 2.158259999999999934e+01 2.206970000000000098e+01 2.219379838501469848e+01 2.129358252798736473e+01 2.114740000000000109e+01
2.053335310746224707e+01 1.888079686320084249e+01 2.058790000000000120e+01 1.811688826413660536e+01 2.051397380440920415e+01 2.166850000000000165e+01 2.225140000000000029e+01 2.208395258085844404e+01 2.126385114040214575e+01 2.115370000000000061e+01
2.058620254585247267e+01 1.889089686320084382e+01 2.060770000000000124e+01 1.812473678106699992e+01 2.053184507848191842e+01 2.163899999999999935e+01 2.212750000000000128e+01 2.209302592062785564e+01 2.129608946953796433e+01 2.121999999999999886e+01
2.055091714217467924e+01 1.887279686320084338e+01 2.063569999999999993e+01 1.810731558747897196e+01 2.047865066945091783e+01 2.165180000000000149e+01 2.211039999999999850e+01 2.216494813044718626e+01 2.129179071138449331e+01 2.116069999999999851e+01
2.053342018251723289e+01 1.888899686320084470e+01 2.065240000000000009e+01 1.811119205334699700e+01 2.041913940789471482e+01 2.156429999999999936e+01 2.219350000000000023e+01 2.233708430416483282e+01 2.130267373737675740e+01 2.127809999999999846e+01
2.055370889082046659e+01 1.889179686320084173e+01 2.062000000000000099e+01 1.810963890803279952e+01 2.045545484331547925e+01 2.160060000000000002e+01 2.212620000000000076e+01 2.211834089714253793e+01 2.129008263381712851e+01 2.113530000000000086e+01
2.055948319683072967e+01 1.888969686320084307e+01 2.058759999999999835e+01 1.811206619927867223e+01 2.054253971528491363e+01 2.166300000000000026e+01 2.232799999999999940e+01 2.217706827152656857e+01 2.130712160728137761e+01 2.114359999999999928e+01
2.055896900006878525e+01 1.888069686320083918e+01 2.061949999999999861e+01 1.811188697737059528e+01 2.050367770986566640e+01 2.160350000000000037e+01 2.202100000000000080e+01 2.210346765641013889e+01 2.127025700711014622e+01 2.119579999999999842e+01
2.056165696939173415e+01 1.890039686320083945e+01 2.064659999999999940e+01 1.812065344277707624e+01 2.050121888436949646e+01 2.147050000000000125e+01 2.215670000000000073e+01 2.222725610683524167e+01 2.127689968970209122e+01 2.119600000000000151e+01
2.055267904791401534e+01 1.887099686320084402e+01 2.062160000000000082e+01 1.810643707544753767e+01 2.049610140461635410e+01 2.161649999999999849e+01 2.209570000000000078e+01 2.212146817886491945e+01 2.125121037120385381e+01 2.119460000000000122e+01
2.056663796726593318e+01 1.887843019551081625e+01 2.065780000000000172e+01 1.812034248015551441e+01 2.050084184072859017e+01 2.158470000000000155e+01 2.213260000000000005e+01 2.216912755644841582e+01 2.126184795998575083e+01 2.116310000000000002e+01
2.059174893070787249e+01 1.888289686320084471e+01 2.062349999999999994e+01 1.810383512623367608e+01 2.051182465404245292e+01 2.159750000000000014e+01 2.205369999999999919e+01 2.217111876154861605e+01 2.130419353472219157e+01 2.115879999999999939e+01
2.059693546809779363e+01 1.892209686013072911e+01 2.064890000000000114e+01 1.811518394455406877e+01 2.057603789287116314e+01 2.139630000000000010e+01 2.195489999999999853e+01 2.215053038511230810e+01 2.127844663719895379e+01 2.134669999999999845e+01
2.050123604250359222e+01 1.889379686320084062e+01 2.060210000000000008e+01 1.811513502851829571e+01 2.051469790403459825e+01 2.163350000000000151e+01 2.216460000000000008e+01 2.220845216020659763e+01 2.120019432358948919e+01 2.114389999999999858e+01
2.057019812606576892e+01 1.888259686320083830e+01 2.062640000000000029e+01 1.813815157023940117e+01 2.051880184583901467e+01 2.156790000000000163e+01 2.222609999999999886e+01 2.205366246753172277e+01 2.127688816401742145e+01 2.111270000000000024e+01
2.056893870991232021e+01 1.885849686320084473e+01 2.068159999999999599e+01 1.810946015301247058e+01 2.051636610423745211e+01 2.157049999999999912e+01 2.234179999999999922e+01 2.207611352995445486e+01 2.130491751565629244e+01 2.133869999999999933e+01
2.056728468256166664e+01 1.888449686320084453e+01 2.057169999999999987e+01 1.811812324572781563e+01 2.052721115023454956e+01 2.156619999999999848e+01 2.216240000000000165e+01 2.233179672626060608e+01 2.125311529352178752e+01 2.113190000000000168e+01
2.058221787229539501e+01 1.890996352884412701e+01 2.060190000000000055e+01 1.810764098367112496e+01 2.057047264194797265e+01 2.154149999999999920e+01 2.221379999999999910e+01 2.245602189359147971e+01 2.133124972588708346e+01 2.108640000000000114e+01
2.054089900912583033e+01 1.886469686320084094e+01 2.068400000000000105e+01 1.813776680161247867e+01 2.049821394566942345e+01 2.155740000000000123e+01 2.188670000000000115e+01 2.227610415613488115e+01 2.127178098245477500e+01 2.120080000000000098e+01
2.050168915928607660e+01 1.886149686320084484e+01 2.066089999999999804e+01 1.808959446461122411e+01 2.052333958641897382e+01 2.138489999999999824e+01 2.222220000000000084e+01 2.184994896546448828e+01 2.134839174630281633e+01 2.123780000000000001e+01
2.055045044576524305e+01 1.879869686320084199e+01 2.069330000000000069e+01 1.810329348115843828e+01 2.050273864536580248e+01 2.136479999999999890e+01 2.178389999999999915e+01 2.168232164990578070e+01 2.129208597015762194e+01 2.125910000000000011e+01
2.057614368898578405e+01 1.887796352884412698e+01 2.060219999999999985e+01 1.811631753040710890e+01 2.052154185713585477e+01 2.157400000000000162e+01 2.201360000000000028e+01 2.228799234526605133e+01 2.123971979463425441e+01 2.117749999999999844e+01
2.053676181013744895e+01 1.886619686320084455e+01 2.063609999999999900e+01 1.809925504684543540e+01 2.049169616914917924e+01 2.142460000000000164e+01 2.215530000000000044e+01 2.212590468556269485e+01 2.133889204944625817e+01 2.125489999999999924e+01
2.056936739837646755e+01 1.890759686320084398e+01 2.063119999999999976e+01 1.810297812983301924e+01 2.046746571518134772e+01 2.155959999999999965e+01 2.209720000000000084e+01 2.202488243933945000e+01 2.134621828045008129e+01 2.113810000000000144e+01
2.054339299680006192e+01 1.885693019551081662e+01 2.061520000000000152e+01 1.808253696407955857e+01 2.051376420595118333e+01 2.164689999999999870e+01 2.201999999999999957e+01 2.216205629165236246e+01 2.133357578275310118e+01 2.111220000000000141e+01
2.058055900420293938e+01 1.888329686320084377e+01 2.062750000000000128e+01 1.812163886618975894e+01 2.049106854301695080e+01 2.136959999999999837e+01 2.220429999999999993e+01 2.229999680312120347e+01 2.132220646528323016e+01 2.128669999999999973e+01
2.056115125746047667e+01 1.888729686320084511e+01 2.065099999999999980e+01 1.810177471824541584e+01 2.052418401189136077e+01 2.158330000000000126e+01 2.215159999999999840e+01 2.225635053762925963e+01 2.130886596833575197e+01 2.113980000000000103e+01
2.050611759839957315e+01 1.888039686320084343e+01 2.062730000000000175e+01 1.812280610917601820e+01 2.049548217836192165e+01 2.166839999999999833e+01 2.210650000000000048e+01 2.215118743357395203e+01 2.127974540784423496e+01 2.103430000000000177e+01
2.053456004287820491e+01 1.886559686320084239e+01 2.061609999999999943e+01 1.810704980912160522e+01 2.053330394948727644e+01 2.162569999999999837e+01 2.228930000000000078e+01 2.215055580931617385e+01 2.124898771534667929e+01 2.116819999999999879e+01
2.050612245245476828e+01 1.888509686320084313e+01 2.060600000000000165e+01 1.809387402444033910e+01 2.054675980267262148e+01 2.157000000000000028e+01 2.229370000000000118e+01 2.217483084243742653e+01 2.129235273897760550e+01 2.116090000000000160e+01
2.055852894964446165e+01 1.889429686320084301e+01 2.063670000000000115e+01 1.810638866736794128e+01 2.051823069616035866e+01 2.160889999999999844e+01 2.200100000000000122e+01 2.210532031358382454e+01 2.126815859614303150e+01 2.114969999999999928e+01
2.051417645886168373e+01 1.888459686320084430e+01 2.063500000000000156e+01 1.809561495814824283e+01 2.054052620281816743e+01 2.160409999999999897e+01 2.212470000000000070e+01 2.232970756421951108e+01 2.134520402225134461e+01 2.121809999999999974e+01
2.054353088634303504e+01 1.888079686320084249e+01 2.062920000000000087e+01 1.811135050752740483e+01 2.052166277429142127e+01 2.154169999999999874e+01 2.211710000000000065e+01 2.213838458655454389e+01 2.130752475621364539e+01 2.114999999999999858e+01
2.058160740800549604e+01 1.890449686320084410e+01 2.066410000000000124e+01 1.811764077865484523e+01 2.055473124320301181e+01 2.171480000000000032e+01 2.228079999999999927e+01 2.230159046095888797e+01 2.135399432358948957e+01 2.116750000000000043e+01
2.057548220771861480e+01 1.889639686320084522e+01 2.061730000000000018e+01 1.810562925761388797e+01 2.051787389662983685e+01 2.158210000000000051e+01 2.204550000000000054e+01 2.217719282625775534e+01 2.135537819812610394e+01 2.117610000000000170e+01
2.053191933467590502e+01 1.889799686320084504e+01 2.066939999999999600e+01 1.810937081745012023e+01 2.053356272245761360e+01 2.151879999999999882e+01 2.206230000000000047e+01 2.203662672622779439e+01 2.122566742846763077e+01 2.117229999999999990e+01
2.053143052911030608e+01 1.884343019551081966e+01 2.063579999999999970e+01 1.810230550907471780e+01 2.047441859864024494e+01 2.170139999999999958e+01 2.219950000000000045e+01 2.199891529352179020e+01 2.121786711374799239e+01 2.124330000000000140e+01
2.060908821151608095e+01 1.888629686320084033e+01 2.068809999999999860e+01 1.811132301209964623e+01 2.049942887924788693e+01 2.158840000000000003e+01 2.228109999999999857e+01 2.211057803417649836e+01 2.127332947561369281e+01 2.110829999999999984e+01
2.058360641406323310e+01 1.889069686320084429e+01 2.069010000000000105e+01 1.811103716951634368e+01 2.055010623488827548e+01 2.161560000000000059e+01 2.219920000000000115e+01 2.207975708202279108e+01 2.128527888829968617e+01 2.115940000000000154e+01
2.057675204898203702e+01 1.888009686320084413e+01 2.063269999999999982e+01 1.811945252126037786e+01 2.046290354012244350e+01 2.153490000000000038e+01 2.194310000000000116e+01 2.224637815502710225e+01 2.130347904158682937e+01 2.120649999999999835e+01
2.048691282476075060e+01 1.889019686320084190e+01 2.068209999999999837e+01 1.808511150920235266e+01 2.045462948026380445e+01 2.156340000000000146e+01 2.221430000000000149e+01 2.227746255008365139e+01 2.134791140504266593e+01 2.119069999999999965e+01
2.057475195512031974e+01 1.889079686320084406e+01 2.067360000000000042e+01 1.811732705776754671e+01 2.048191308698974211e+01 2.172609999999999886e+01 2.195349999999999824e+01 2.226334476558856323e+01 2.127495296207567321e+01 2.116989999999999839e+01
