1 5 -1.5 6
2 5 -1.5 6
3 5 -1.5 6
4 5 -1.5 6
5 5 -1.5 6
6 5 -1.5 6
7 5 -1.5 6
8 5 -1.5 6
9 5 -1.5 6
10 5 -1.5 6
11 5 -1.5 6
12 5 -1.5 6
13 5 -1.5 6
14 5 -1.5 6
15 5 -1.5 6
16 5 -1.5 6
17 5 -1.5 6
18 5 -1.5 6
19 5 -1.5 6
20 5 -1.5 6
21 5 -1.5 6
22 5 -1.5 6
23 5 -1.5 6
1 9 -0.43 0.5
2 9 -0.43 0.5
3 9 -0.43 0.5
4 9 -0.43 0.5
5 9 -0.43 0.5
6 9 -0.43 0.5
7 9 -0.43 0.5
8 9 -0.43 0.5
9 9 -0.43 0.5
10 9 -0.43 0.5
11 9 -0.43 0.5
12 9 -0.43 0.5
13 9 -0.43 0.5
14 9 -0.43 0.5
15 9 -0.43 0.5
16 9 -0.43 0.5
17 9 -0.43 0.5
18 9 -0.43 0.5
19 9 -0.43 0.5
20 9 -0.43 0.5
21 9 -0.43 0.5
22 9 -0.43 0.5
23 9 -0.43 0.5



