1 5 0.5 to 8
2 5 0.5 to 8
3 5 0.5 to 8
4 5 0.5 to 8
5 5 0.5 to 8
6 5 0.5 to 8
7 5 0.5 to 8
8 5 0.5 to 8
9 5 0.5 to 8
10 5 0.5 to 8
11 5 0.5 to 8
12 5 0.5 to 8
13 5 0.5 to 8
14 5 0.5 to 8
15 5 0.5 to 8
16 5 0.5 to 8
17 5 0.5 to 8
18 5 0.5 to 8
19 5 0.5 to 8
20 5 0.5 to 8
21 5 0.5 to 8
22 5 0.5 to 8
23 5 0.5 to 8
1 9 0.07 to 1
2 9 0.07 to 1
3 9 0.07 to 1
4 9 0.07 to 1
5 9 0.07 to 1
6 9 0.07 to 1
7 9 0.07 to 1
8 9 0.07 to 1
9 9 0.07 to 1
10 9 0.07 to 1
11 9 0.07 to 1
12 9 0.07 to 1
13 9 0.07 to 1
14 9 0.07 to 1
15 9 0.07 to 1
16 9 0.07 to 1
17 9 0.07 to 1
18 9 0.07 to 1
19 9 0.07 to 1
20 9 0.07 to 1
21 9 0.07 to 1
22 9 0.07 to 1
23 9 0.07 to 1



